31 31
1111111111111110111111111111111
1000100000100000101010000000001
1010101110111011101010111011101
1010001000000010001000100010101
1010111111111110111111101110101
1010100000100010100000001000001
1011101110101010101011111011111
1000001010101000101010001010001
1011111010101111111011101011101
1000001010001000000010001000001
1111101011111011111110111111101
1000100010000010100000000010001
1010111011101110101111101110111
1010001010001010000000101000101
1011111010111010111111101011101
1010001000100010001000101010001
1010101111111011101010101011101
1000100000000010101010001010001
1011111011111010101011111010111
1010000010000000101000000010001
1110111110111110101111111111101
1000100000100010101000000000001
1011111111101011101111111110101
1010000010001000001000000010101
1010111010111111111011111010101
1000101010100010000010001000101
1011101010101010111110111111101
1010001010101010100010001000001
1010101010101010101010101011111
1000101000001000101000100000001
1111111111111110111111111111111