34 21
111011111111111111111
100000000010000000001
110111111010111011101
100010000010001010101
101010111111111010101
101010100000100010101
101010100000100010101
101010101110101110101
101010001010001000001
111011111011111011111
100000100000100010001
101111101110101110101
100000001000101000101
111111111011101011101
100010001000101010101
101010101000101010101
101000101110101010101
101000100000100010101
101111111110111110101
100000100010000010001
111110111011111010111
100010100000100010001
100010100000100010001
101110101110101111101
101000101000100000101
101111101111111110101
101010000000000000101
101010111111111111101
101010100000101000001
101010101110101011111
101000001000001000101
101111111111111110101
100000000000000000000
111111111111111111111