31 31
1111111111111111111111111111111
1000100000100010000010000010001
1010111110101011111010101111101
1010000010001000000010101000001
1011111011111011101111101011111
1010000000000000100000001010001
1110111011111110111111101010111
1000001000100010001000101010101
1011111110101011111110101010101
1000100000001000100010000010101
1111101110101111101110111110101
1000001000100000001000000000101
1111111011111011101111101111101
1010000010001000101000001000001
1011111110101010111011101011111
1000000010101010001010101000000
1111111010111011101110101011111
0000000010100010000010100000001
1111101110101111111010101011101
1000000000100000101010101000101
1011111010111111101010101011101
1010001010100000001000101010001
1011101011101110101011101010111
1000100000000010101010101010101
1110101011101010111010101011101
1000101000101010000010001000101
1011101011101010111011111110101
1010001010001010001000000010101
1010111110111011101111111011101
1010100000100010000000001000001
1111111111111111111111111111111