35 35
11111111111111111111111111111111111
10000010000000000000001010000000001
11101010111111101111101010111110101
10001010000000100000101010100000101
10111011111110111010101010101111111
10100000000010001010101000101000001
10111111111011101010101111101011101
10000000001000001010100000001000101
10101111101111111011101111111011101
10101000101000001000101000100010001
10101110101111101010101010101110101
10101000101000001010101010101000101
11101011101011111110101010101011101
10001000001000100010101010001000101
10111011111110111010101011111110101
10100010000010001010101000101000101
10111110111111101010101110101011101
10001000000000101010100010101000101
11101010111010101010111010101110101
10100010001010101010001010101000101
10111110101011101010101110101011111
10100000101000001010100000101010001
10101010101111111011111011101010101
10101010100010000010001000001000101
10101010111010111110101111101111101
10001010001010001000101000001000001
11111011101011101011101011111011111
10000010001000101000101000001000001
11111110111110101110101111101111101
10000010000010100010101000000010001
10111011111110101010101111111110111
10001000000000101010100000000010001
11101111111111111010111111111010101
10000000000000000010000000001000100
11111111111111111111111111111111111